10000
99843
99844
99890
99894
99913
99914
99940
99941
99963
99995
98
128
152
153
164
175
177
178
189
191
203
211
214
224
232
239
253
263
275
280
299
311
315
333
335
340
373
378
381
390
405
408
456
474
484
485
493
505
521
527
533
534
536
540
551
556
571
576
583
584
587
615
617
621
628
647
662
664
666
668
672
677
680
686
699
700
710
713
721
724
744
760
763
764
767
771
800
816
829
831
842
863
868
873
881
885
914
927
943
944
947
949
952
961
967
987
1006
1008
1029
1039
1041
1046
1053
1055
1056
1066
1070
1073
1075
1076
1091
1110
1116
1131
1135
1139
1141
1144
1163
1170
1173
1175
1183
1189
1208
1210
1212
1227
1231
1233
1237
1248
1250
1257
1261
1262
1265
1267
1268
1269
1291
1292
1298
1304
1317
1325
1330
1341
1348
1372
1401
1405
1410
1412
1413
1423
1430
1432
1447
1449
1453
1458
1494
1498
1511
1520
1525
1530
1542
1543
1548
1565
1580
1598
1610
1635
1650
1660
1664
1666
1675
1685
1687
1697
1708
1713
1715
1731
1741
1744
1747
1766
1783
1784
1790
1800
1806
1828
1834
1835
1838
1841
1864
1874
1884
1887
1895
1927
1932
1940
1962
1973
2007
2013
2019
2025
2026
2030
2031
2033
2043
2060
2064
2072
2081
2095
2099
2101
2111
2114
2117
2125
2128
2136
2137
2144
2145
2153
2163
2167
2174
2190
2195
2209
2220
2240
2256
2258
2263
2269
2282
2291
2315
2323
2328
2332
2343
2348
2351
2356
2360
2374
2379
2393
2399
2404
2407
2413
2420
2425
2431
2439
2470
2472
2486
2497
2508
2516
2526
2527
2533
2549
2569
2588
2589
2608
2611
2615
2629
2632
2673
2682
2690
2718
2721
2728
2739
2743
2745
2757
2776
2780
2798
2827
2843
2850
2853
2867
2872
2884
2891
2893
2908
2916
2944
2945
2955
2958
2971
2985
2990
2993
3015
3021
3030
3038
3044
3051
3070
3074
3124
3131
3136
3140
3142
3145
3156
3163
3183
3216
3217
3223
3236
3240
3249
3254
3263
3271
3273
3275
3286
3337
3338
3341
3349
3368
3371
3381
3382
3392
3398
3403
3412
3414
3429
3442
3477
3502
3512
3526
3534
3535
3546
3549
3550
3557
3560
3567
3582
3596
3635
3651
3654
3661
3665
3673
3682
3694
3696
3699
3715
3766
3777
3781
3784
3794
3795
3798
3804
3820
3839
3847
3850
3851
3856
3876
3890
3915
3922
3929
3939
3950
3964
3972
4007
4011
4013
4015
4036
4049
4060
4066
4079
4086
4091
4102
4103
4123
4125
4128
4130
4131
4132
4142
4156
4170
4183
4184
4191
4192
4194
4198
4215
4219
4227
4228
4255
4259
4276
4278
4294
4309
4324
4336
4340
4344
4370
4384
4404
4407
4411
4412
4420
4423
4427
4445
4446
4463
4473
4478
4513
4523
4542
4543
4550
4553
4554
4566
4581
4582
4597
4603
4604
4618
4624
4627
4630
4631
4633
4644
4662
4677
4685
4711
4724
4727
4735
4736
4749
4755
4757
4761
4768
4780
4787
4790
4791
4823
4863
4868
4879
4882
4888
4894
4895
4919
4925
4931
4954
4963
4965
4969
4978
4981
4982
4988
5008
5011
5018
5021
5041
5054
5075
5089
5090
5103
5114
5135
5138
5151
5168
5182
5211
5223
5232
5244
5249
5250
5257
5264
5270
5277
5282
5296
5301
5306
5307
5316
5320
5323
5328
5333
5335
5345
5356
5357
5361
5373
5407
5412
5448
5451
5464
5477
5500
5507
5520
5526
5528
5536
5542
5550
5552
5559
5573
5578
5589
5598
5605
5611
5617
5628
5630
5639
5643
5647
5664
5675
5697
5721
5762
5770
5771
5778
5779
5781
5801
5814
5818
5823
5828
5836
5837
5840
5862
5863
5864
5885
5889
5895
5902
5912
5921
5923
5924
5932
5944
5952
5964
5980
5997
6068
6091
6104
6110
6115
6116
6121
6122
6151
6160
6161
6163
6166
6172
6176
6179
6187
6188
6205
6234
6236
6253
6257
6259
6282
6318
6320
6322
6327
6338
6339
6352
6353
6358
6362
6370
6389
6396
6404
6406
6445
6455
6465
6470
6474
6479
6495
6502
6505
6507
6510
6538
6554
6568
6570
6573
6588
6590
6594
6600
6617
6618
6624
6626
6627
6651
6658
6673
6682
6696
6710
6711
6716
6753
6756
6757
6794
6822
6826
6830
6848
6849
6857
6872
6890
6894
6922
6952
6959
6961
6965
6982
6986
6987
6998
7017
7024
7027
7030
7055
7058
7061
7062
7066
7082
7113
7116
7117
7125
7134
7136
7147
7167
7175
7181
7195
7204
7210
7217
7247
7248
7254
7262
7266
7281
7290
7311
7312
7315
7321
7337
7342
7352
7354
7362
7365
7368
7372
7374
7375
7392
7396
7410
7414
7416
7419
7427
7437
7442
7445
7455
7459
7461
7468
7492
7496
7497
7499
7511
7529
7535
7547
7555
7560
7616
7617
7618
7621
7625
7671
7681
7682
7684
7686
7697
7704
7707
7709
7714
7718
7726
7755
7760
7761
7772
7775
7782
7786
7792
7798
7813
7815
7823
7825
7843
7845
7861
7907
7908
7914
7929
7936
7951
7958
7960
7989
7993
7999
8006
8007
8014
8015
8017
8020
8052
8053
8070
8077
8081
8083
8088
8105
8114
8126
8136
8138
8154
8167
8185
8192
8205
8206
8233
8236
8240
8286
8295
8334
8338
8350
8364
8375
8384
8401
8405
8412
8435
8448
8451
8462
8463
8491
8501
8505
8507
8512
8513
8541
8547
8591
8594
8596
8597
8606
8610
8619
8620
8621
8630
8637
8651
8661
8664
8682
8716
8721
8723
8735
8758
8760
8772
8793
8796
8809
8811
8812
8825
8843
8860
8871
8883
8898
8900
8909
8918
8929
8938
8940
8956
8968
8970
8992
9011
9029
9032
9033
9038
9051
9066
9084
9093
9127
9128
9129
9137
9140
9160
9179
9184
9194
9224
9231
9238
9243
9249
9254
9257
9261
9264
9286
9287
9295
9301
9310
9321
9323
9338
9340
9355
9357
9361
9362
9383
9424
9430
9438
9439
9456
9459
9463
9478
9483
9491
9498
9501
9502
9513
9519
9520
9521
9522
9523
9533
9535
9547
9556
9605
9610
9626
9684
9692
9701
9717
9725
9755
9762
9765
9768
9769
9770
9780
9787
9796
9802
9804
9814
9819
9854
9856
9872
9889
9891
9898
9904
9909
9913
9921
9923
9926
9930
9935
9941
9966
9968
9969
9991
9998
10006
10029
10047
10058
10073
10075
10076
10078
10079
10090
10119
10133
10135
10139
10143
10145
10153
10169
10175
10176
10178
10181
10188
10201
10203
10211
10219
10220
10228
10263
10265
10285
10290
10300
10305
10306
10327
10328
10331
10340
10356
10402
10414
10421
10429
10445
10458
10467
10481
10500
10510
10519
10528
10532
10545
10546
10554
10559
10564
10586
10588
10589
10592
10605
10618
10622
10629
10642
10664
10665
10666
10673
10677
10678
10686
10692
10705
10706
10709
10714
10746
10756
10760
10764
10775
10795
10799
10808
10813
10842
10874
10884
10895
10903
10905
10907
10912
10916
10922
10924
10925
10954
10962
10987
10989
10990
10995
10997
10999
11005
11023
11031
11050
11052
11078
11087
11093
11103
11114
11126
11152
11158
11177
11184
11185
11187
11189
11197
11213
11220
11229
11248
11251
11256
11267
11280
11300
11323
11333
11342
11382
11387
11390
11396
11420
11436
11456
11460
11470
11486
11487
11507
11508
11516
11524
11526
11531
11540
11544
11576
11585
11587
11602
11632
11656
11680
11697
11700
11707
11717
11721
11724
11734
11740
11755
11764
11771
11777
11780
11784
11787
11795
11799
11811
11812
11824
11844
11846
11847
11877
11878
11898
11911
11921
11943
11965
11967
11971
11973
11974
11979
11983
11997
12042
12048
12049
12053
12057
12058
12063
12070
12083
12102
12107
12108
12162
12164
12183
12198
12213
12239
12245
12254
12261
12277
12306
12320
12322
12324
12345
12346
12353
12357
12360
12361
12374
12393
12394
12405
12410
12420
12432
12433
12439
12443
12444
12448
12452
12466
12477
12483
12487
12490
12507
12519
12538
12540
12542
12544
12580
12589
12596
12604
12606
12608
12609
12630
12644
12655
12690
12697
12699
12726
12737
12743
12760
12761
12770
12771
12775
12780
12789
12793
12829
12839
12842
12875
12888
12890
12900
12927
12949
12961
12969
12974
13003
13018
13021
13023
13028
13048
13058
13060
13061
13072
13089
13100
13138
13147
13149
13155
13163
13164
13167
13173
13181
13208
13209
13213
13226
13239
13252
13270
13273
13285
13303
13313
13318
13328
13346
13358
13360
13369
13370
13379
13389
13399
13409
13413
13416
13417
13433
13437
13446
13450
13489
13518
13530
13538
13540
13543
13546
13557
13566
13582
13588
13595
13600
13629
13632
13637
13642
13650
13651
13658
13669
13672
13692
13693
13695
13704
13709
13715
13726
13739
13762
13768
13776
13782
13791
13797
13798
13802
13805
13809
13821
13829
13832
13851
13865
13896
13907
13919
13929
13961
13964
13967
13983
14006
14014
14024
14027
14039
14046
14060
14066
14071
14074
14076
14079
14090
14095
14123
14155
14169
14171
14186
14200
14214
14254
14270
14276
14297
14300
14311
14317
14338
14344
14348
14353
14361
14369
14375
14376
14391
14393
14396
14406
14409
14413
14416
14421
14431
14433
14444
14456
14467
14478
14482
14488
14497
14508
14543
14558
14566
14591
14602
14618
14642
14649
14658
14663
14672
14681
14698
14702
14711
14720
14721
14726
14727
14733
14742
14745
14747
14761
14766
14775
14794
14824
14841
14849
14850
14860
14879
14890
14904
14926
14940
14944
14947
14971
14980
14981
14991
15001
15022
15025
15035
15038
15048
15054
15057
15072
15093
15107
15115
15145
15146
15147
15179
15185
15189
15216
15229
15250
15262
15277
15284
15292
15308
15314
15324
15327
15331
15338
15346
15354
15371
15381
15382
15385
15398
15412
15426
15437
15455
15474
15495
15529
15544
15555
15566
15586
15616
15644
15668
15672
15678
15679
15684
15691
15696
15702
15712
15713
15719
15726
15742
15755
15762
15773
15783
15784
15789
15792
15803
15808
15822
15828
15829
15834
15840
15845
15855
15860
15869
15874
15877
15918
15924
15954
15979
15985
16029
16030
16034
16044
16049
16055
16063
16065
16071
16090
16098
16102
16103
16108
16109
16130
16150
16161
16168
16197
16209
16216
16230
16241
16250
16266
16286
16287
16312
16324
16333
16358
16359
16360
16361
16370
16377
16384
16386
16394
16398
16419
16422
16438
16439
16443
16478
16487
16493
16537
16546
16555
16570
16591
16594
16596
16610
16630
16648
16658
16671
16675
16676
16696
16714
16715
16730
16749
16750
16757
16765
16787
16788
16798
16804
16812
16816
16820
16821
16826
16836
16837
16844
16854
16860
16863
16878
16879
16880
16883
16890
16897
16927
16945
16950
16957
16959
16966
16979
17002
17008
17013
17028
17038
17044
17059
17063
17084
17097
17098
17117
17120
17123
17126
17142
17145
17180
17181
17196
17204
17210
17214
17231
17250
17274
17282
17297
17300
17309
17310
17311
17320
17321
17340
17344
17347
17350
17364
17371
17374
17377
17378
17381
17383
17432
17455
17458
17473
17483
17503
17509
17511
17518
17525
17536
17546
17560
17564
17566
17581
17582
17583
17598
17602
17627
17640
17700
17711
17713
17716
17735
17737
17750
17752
17808
17843
17856
17875
17879
17881
17895
17902
17903
17904
17906
17942
17943
17947
17958
17996
18014
18021
18033
18040
18045
18048
18068
18071
18078
18086
18095
18103
18105
18113
18127
18134
18141
18155
18165
18168
18171
18178
18187
18207
18229
18234
18235
18242
18244
18248
18258
18265
18269
18307
18325
18328
18330
18359
18377
18399
18404
18407
18415
18442
18460
18465
18466
18472
18487
18501
18506
18519
18530
18539
18541
18562
18568
18577
18594
18599
18607
18609
18619
18645
18652
18661
18667
18685
18703
18704
18706
18738
18745
18767
18771
18783
18793
18804
18808
18818
18821
18827
18864
18880
18895
18909
18922
18941
18944
18951
18953
18963
18970
18972
18973
18977
18988
18992
18993
18995
19003
19014
19034
19040
19041
19046
19089
19092
19096
19114
19148
19153
19166
19191
19200
19206
19214
19223
19233
19240
19266
19271
19286
19287
19291
19295
19302
19315
19340
19349
19358
19365
19386
19397
19398
19419
19421
19423
19424
19444
19446
19448
19449
19450
19455
19456
19463
19467
19469
19479
19481
19482
19492
19508
19515
19526
19531
19550
19569
19578
19620
19628
19635
19644
19645
19652
19687
19689
19696
19702
19722
19723
19738
19744
19794
19814
19817
19853
19858
19859
19873
19886
19896
19903
19940
19952
19957
19962
19964
19983
19995
20013
20023
20031
20032
20057
20071
20084
20101
20130
20136
20145
20156
20158
20171
20173
20180
20181
20202
20206
20208
20216
20251
20256
20257
20268
20283
20286
20290
20301
20324
20325
20356
20361
20394
20407
20415
20427
20429
20438
20455
20459
20460
20462
20474
20492
20495
20513
20514
20536
20547
20548
20561
20566
20576
20581
20590
20612
20624
20625
20638
20649
20684
20690
20695
20710
20713
20728
20739
20747
20761
20766
20767
20778
20783
20801
20806
20812
20831
20845
20850
20872
20905
20927
20943
20944
20980
20998
21001
21002
21003
21007
21016
21029
21036
21039
21044
21048
21049
21050
21079
21088
21093
21094
21099
21105
21111
21116
21124
21140
21144
21162
21193
21209
21211
21222
21236
21240
21252
21258
21261
21262
21265
21266
21273
21291
21292
21295
21297
21304
21336
21352
21374
21399
21401
21413
21428
21437
21438
21460
21483
21489
21511
21516
21540
21551
21574
21575
21585
21603
21612
21617
21620
21623
21625
21628
21639
21649
21666
21671
21676
21677
21684
21710
21717
21720
21736
21751
21782
21784
21785
21794
21800
21818
21825
21829
21853
21878
21882
21900
21901
21922
21924
21933
21937
21940
21945
21949
21951
21953
21954
21965
21971
21994
22031
22041
22050
22065
22085
22088
22096
22107
22111
22117
22118
22137
22138
22142
22143
22146
22148
22149
22153
22158
22170
22174
22175
22181
22187
22201
22206
22211
22231
22242
22248
22258
22266
22272
22287
22302
22324
22327
22332
22334
22352
22357
22362
22385
22392
22412
22416
22420
22423
22436
22457
22459
22490
22502
22503
22511
22515
22549
22564
22582
22585
22586
22589
22593
22611
22627
22632
22667
22668
22671
22680
22682
22729
22744
22754
22755
22759
22767
22777
22786
22790
22792
22797
22807
22812
22832
22834
22838
22839
22850
22864
22867
22869
22883
22909
22918
22929
22937
22951
22954
22962
22967
22977
22979
23008
23016
23063
23069
23070
23086
23097
23102
23125
23157
23165
23179
23181
23185
23188
23200
23205
23208
23211
23218
23226
23231
23242
23244
23255
23260
23300
23316
23334
23337
23340
23343
23347
23348
23349
23354
23365
23377
23401
23405
23418
23423
23437
23454
23466
23478
23496
23506
23515
23524
23531
23533
23535
23540
23550
23603
23605
23607
23616
23618
23627
23629
23639
23641
23644
23649
23660
23664
23673
23681
23699
23703
23710
23711
23712
23718
23726
23728
23731
23746
23777
23778
23787
23789
23802
23821
23826
23840
23855
23863
23869
23871
23879
23889
23913
23919
23925
23929
23946
23949
23950
23955
23966
23983
23992
24002
24003
24011
24013
24014
24017
24023
24034
24039
24041
24043
24046
24047
24061
24064
24076
24079
24082
24089
24104
24105
24113
24114
24132
24138
24143
24158
24190
24197
24199
24201
24202
24222
24229
24242
24243
24267
24269
24274
24284
24289
24306
24309
24316
24323
24337
24351
24353
24369
24372
24377
24381
24407
24417
24419
24424
24444
24448
24453
24460
24477
24478
24490
24506
24510
24525
24540
24542
24552
24559
24572
24590
24592
24597
24608
24649
24682
24691
24692
24698
24702
24709
24723
24725
24741
24743
24771
24775
24776
24782
24790
24791
24793
24795
24801
24824
24834
24861
24863
24883
24888
24902
24904
24913
24946
24947
24968
24988
24991
25005
25007
25049
25054
25058
25069
25076
25084
25091
25137
25143
25146
25148
25157
25183
25184
25185
25189
25222
25239
25246
25258
25276
25302
25313
25322
25325
25340
25348
25350
25352
25372
25374
25386
25387
25392
25397
25405
25409
25430
25435
25449
25473
25483
25488
25491
25520
25521
25522
25523
25528
25536
25540
25542
25550
25556
25558
25580
25581
25591
25593
25595
25617
25625
25640
25641
25660
25664
25667
25703
25704
25734
25736
25738
25750
25757
25776
25781
25790
25806
25811
25819
25821
25823
25835
25840
25875
25878
25884
25892
25921
25941
25945
25962
25981
26010
26015
26020
26021
26037
26040
26044
26052
26060
26094
26095
26105
26122
26126
26128
26136
26140
26151
26156
26158
26164
26172
26175
26195
26199
26213
26216
26219
26223
26224
26233
26246
26260
26266
26278
26285
26292
26303
26321
26337
26343
26345
26356
26391
26395
26427
26428
26436
26437
26439
26462
26470
26472
26478
26488
26493
26519
26554
26572
26583
26586
26597
26612
26623
26629
26648
26664
26667
26673
26677
26681
26694
26706
26738
26742
26749
26763
26764
26768
26778
26816
26826
26851
26858
26862
26870
26879
26880
26901
26904
26923
26940
26953
26965
26967
27011
27027
27044
27047
27055
27063
27072
27079
27082
27092
27097
27108
27116
27121
27129
27137
27149
27161
27165
27168
27169
27176
27191
27193
27243
27246
27263
27271
27276
27280
27282
27292
27293
27297
27303
27315
27324
27325
27376
27382
27384
27386
27399
27403
27404
27407
27411
27417
27419
27433
27438
27474
27504
27509
27525
27543
27548
27550
27573
27579
27596
27604
27611
27612
27630
27633
27634
27650
27656
27664
27668
27675
27679
27702
27703
27717
27725
27784
27785
27788
27845
27866
27889
27890
27891
27905
27912
27914
27946
27955
27966
27973
27975
27985
27998
28008
28010
28014
28016
28038
28060
28082
28112
28117
28118
28128
28135
28143
28145
28181
28185
28196
28205
28207
28208
28214
28229
28230
28262
28274
28307
28309
28313
28314
28315
28329
28334
28340
28344
28347
28400
28419
28436
28458
28464
28466
28482
28485
28492
28495
28506
28524
28527
28530
28549
28556
28557
28578
28581
28583
28601
28603
28607
28611
28615
28632
28650
28667
28668
28697
28744
28746
28749
28760
28762
28766
28790
28795
28799
28810
28831
28838
28856
28878
28885
28891
28899
28904
28977
28983
28994
29000
29001
29017
29022
29032
29049
29051
29053
29054
29060
29063
29074
29077
29087
29095
29098
29136
29178
29179
29234
29238
29247
29260
29266
29268
29273
29274
29287
29290
29310
29318
29338
29342
29348
29349
29368
29384
29389
29401
29410
29427
29428
29432
29442
29446
29460
29470
29482
29494
29498
29503
29512
29518
29519
29549
29557
29592
29607
29613
29648
29652
29654
29655
29675
29679
29680
29686
29696
29717
29719
29726
29736
29742
29763
29771
29779
29808
29816
29819
29821
29826
29840
29846
29848
29850
29863
29900
29902
29907
29910
29922
29927
29930
29956
29987
29996
30027
30028
30042
30050
30068
30080
30086
30113
30117
30123
30127
30134
30144
30150
30158
30161
30167
30168
30177
30179
30185
30186
30194
30204
30205
30210
30214
30236
30263
30266
30269
30277
30279
30282
30284
30288
30296
30301
30303
30334
30346
30354
30374
30406
30409
30422
30430
30439
30451
30467
30475
30476
30495
30511
30528
30532
30548
30556
30577
30587
30598
30608
30610
30625
30626
30646
30652
30687
30711
30720
30726
30738
30755
30756
30764
30765
30770
30773
30774
30792
30793
30798
30815
30821
30829
30831
30836
30869
30876
30880
30881
30882
30890
30903
30914
30918
30919
30928
30931
30935
30958
30966
30967
30977
30979
30984
30997
31002
31008
31041
31042
31054
31063
31067
31085
31127
31134
31136
31145
31157
31160
31181
31188
31189
31191
31197
31203
31208
31216
31228
31260
31274
31277
31287
31296
31305
31352
31365
31367
31399
31415
31416
31431
31433
31438
31443
31445
31448
31455
31456
31460
31463
31468
31469
31475
31503
31508
31516
31525
31526
31531
31571
31584
31607
31631
31634
31664
31685
31693
31743
31745
31747
31753
31759
31810
31813
31832
31836
31842
31848
31855
31869
31871
31876
31877
31878
31884
31895
31896
31903
31908
31925
31944
31957
31966
31970
31975
31986
31993
32026
32031
32037
32054
32077
32092
32101
32111
32118
32122
32133
32146
32148
32153
32176
32177
32189
32200
32201
32215
32236
32272
32295
32296
32297
32305
32315
32323
32327
32328
32352
32367
32373
32380
32384
32392
32393
32405
32424
32426
32436
32437
32444
32446
32448
32454
32455
32479
32484
32488
32498
32499
32507
32520
32537
32545
32554
32577
32607
32620
32631
32653
32657
32660
32663
32673
32675
32693
32706
32726
32736
32738
32767
32776
32784
32794
32799
32811
32816
32818
32819
32822
32825
32831
32869
32880
32882
32884
32895
32906
32911
32916
32918
32941
32944
32946
32958
32967
32979
32982
32988
32992
32998
33018
33024
33048
33065
33082
33097
33100
33101
33121
33122
33126
33136
33138
33147
33165
33170
33171
33176
33188
33189
33190
33197
33201
33223
33234
33270
33282
33286
33289
33292
33295
33297
33298
33320
33330
33341
33346
33347
33352
33356
33359
33370
33394
33407
33419
33420
33424
33432
33436
33440
33444
33492
33503
33508
33520
33538
33555
33560
33572
33578
33579
33593
33607
33619
33627
33630
33646
33653
33667
33672
33676
33679
33692
33744
33746
33762
33771
33773
33775
33787
33791
33810
33825
33836
33881
33890
33905
33917
33918
33929
33966
33973
33977
33979
34031
34040
34041
34042
34067
34087
34092
34146
34158
34166
34173
34183
34216
34220
34234
34237
34248
34258
34264
34290
34292
34313
34331
34352
34356
34376
34397
34401
34404
34406
34409
34414
34420
34425
34428
34431
34441
34450
34452
34456
34493
34494
34498
34501
34518
34533
34535
34544
34555
34558
34578
34584
34597
34599
34611
34621
34622
34635
34637
34639
34679
34685
34712
34752
34754
34767
34823
34850
34875
34879
34885
34886
34888
34899
34903
34904
34911
34917
34918
34956
34986
34995
35003
35005
35048
35070
35080
35096
35100
35120
35126
35134
35161
35162
35192
35197
35206
35209
35250
35264
35283
35300
35320
35335
35337
35355
35363
35378
35393
35397
35401
35407
35421
35422
35427
35434
35442
35456
35461
35474
35513
35527
35540
35545
35555
35559
35576
35586
35590
35591
35605
35612
35624
35637
35640
35655
35656
35660
35661
35667
35687
35695
35712
35732
35749
35754
35755
35763
35783
35790
35795
35797
35826
35828
35845
35856
35858
35886
35888
35889
35907
35912
35918
35919
35927
35943
35944
35949
35959
35977
35984
36013
36021
36024
36031
36033
36037
36053
36068
36081
36085
36086
36099
36106
36111
36119
36131
36137
36160
36172
36191
36199
36211
36226
36236
36245
36268
36273
36282
36286
36290
36309
36316
36320
36330
36335
36343
36351
36356
36368
36381
36384
36388
36403
36416
36423
36427
36428
36431
36467
36474
36476
36477
36483
36506
36515
36516
36534
36545
36547
36548
36550
36552
36555
36564
36575
36579
36585
36599
36604
36615
36618
36625
36640
36644
36656
36658
36661
36703
36706
36715
36748
36751
36752
36766
36777
36782
36786
36793
36799
36813
36816
36817
36826
36827
36843
36844
36851
36854
36859
36900
36910
36916
36923
36930
36934
36961
36963
36965
36974
36978
36996
37035
37053
37054
37067
37070
37078
37108
37109
37111
37134
37145
37164
37178
37187
37205
37215
37245
37253
37269
37283
37320
37338
37355
37360
37366
37375
37377
37381
37383
37399
37400
37401
37437
37441
37450
37456
37467
37468
37473
37474
37477
37478
37488
37491
37509
37510
37514
37521
37522
37523
37530
37545
37555
37558
37564
37574
37575
37577
37592
37593
37599
37608
37611
37613
37619
37623
37630
37634
37645
37663
37670
37671
37673
37674
37676
37689
37692
37698
37701
37724
37752
37753
37756
37757
37765
37771
37782
37784
37785
37833
37836
37856
37872
37873
37899
37913
37917
37944
37960
37968
37973
37975
37985
37999
38017
38018
38027
38038
38077
38079
38085
38097
38099
38114
38117
38123
38133
38134
38145
38174
38187
38196
38203
38208
38216
38221
38223
38230
38236
38240
38246
38248
38249
38255
38256
38260
38277
38287
38308
38311
38314
38322
38368
38381
38393
38394
38398
38410
38411
38431
38437
38438
38441
38445
38446
38449
38450
38452
38458
38467
38470
38474
38479
38495
38520
38522
38524
38525
38535
38550
38552
38558
38561
38566
38572
38578
38580
38589
38603
38604
38618
38640
38642
38645
38651
38654
38660
38672
38696
38705
38710
38737
38744
38753
38762
38772
38782
38791
38793
38798
38800
38803
38818
38821
38839
38856
38869
38875
38890
38896
38907
38920
38925
38931
38937
38943
38951
38953
38955
38988
38992
39009
39017
39024
39026
39028
39075
39081
39087
39094
39102
39109
39114
39182
39183
39187
39190
39212
39224
39242
39243
39246
39251
39252
39268
39302
39305
39307
39312
39323
39363
39379
39385
39387
39391
39397
39404
39405
39443
39444
39455
39469
39488
39495
39504
39505
39506
39513
39530
39539
39551
39564
39569
39573
39574
39585
39597
39624
39625
39627
39632
39636
39643
39659
39662
39664
39670
39682
39703
39710
39714
39718
39722
39723
39739
39745
39761
39767
39775
39780
39781
39787
39807
39822
39826
39830
39833
39845
39850
39851
39855
39871
39879
39891
39892
39902
39904
39908
39913
39926
39937
39940
39941
39953
39964
39972
39978
39983
39987
39988
39990
40003
40008
40010
40049
40055
40058
40075
40076
40077
40078
40080
40094
40133
40136
40137
40152
40154
40170
40195
40200
40223
40228
40240
40283
40291
40296
40304
40314
40315
40316
40339
40340
40362
40366
40380
40383
40387
40391
40400
40414
40422
40427
40428
40430
40434
40436
40446
40465
40470
40472
40478
40488
40494
40501
40512
40515
40520
40530
40533
40534
40535
40540
40547
40553
40573
40596
40604
40618
40629
40634
40642
40644
40647
40653
40671
40676
40687
40699
40712
40719
40759
40774
40776
40795
40823
40825
40827
40838
40854
40855
40873
40877
40886
40887
40895
40900
40908
40916
40920
40938
40939
40943
40945
40959
40980
40995
40996
41004
41014
41020
41028
41029
41040
41045
41081
41099
41101
41102
41104
41111
41141
41145
41146
41147
41152
41168
41188
41214
41233
41244
41270
41276
41280
41296
41297
41312
41331
41342
41346
41356
41363
41381
41399
41400
41409
41410
41411
41431
41432
41438
41444
41445
41455
41457
41458
41463
41474
41475
41479
41519
41533
41543
41546
41547
41557
41569
41572
41580
41609
41613
41651
41673
41683
41695
41698
41723
41745
41763
41772
41782
41790
41795
41798
41803
41807
41816
41827
41853
41859
41868
41910
41919
41953
41959
41960
41963
41964
41970
41991
42001
42003
42010
42015
42016
42023
42050
42074
42088
42103
42110
42116
42125
42143
42146
42151
42155
42169
42171
42175
42188
42193
42218
42220
42221
42228
42235
42237
42241
42257
42270
42271
42279
42304
42313
42315
42323
42332
42338
42351
42353
42380
42384
42387
42402
42417
42418
42419
42422
42434
42435
42448
42469
42485
42508
42511
42528
42529
42541
42571
42584
42587
42588
42597
42602
42625
42629
42632
42635
42661
42664
42666
42672
42686
42692
42707
42721
42723
42731
42746
42758
42764
42778
42779
42801
42808
42810
42826
42836
42842
42843
42866
42873
42875
42878
42881
42883
42900
42901
42913
42919
42929
42930
42934
42935
42956
42972
42979
42988
43003
43006
43007
43038
43045
43053
43080
43082
43083
43088
43094
43102
43104
43109
43113
43117
43127
43131
43143
43147
43162
43163
43164
43184
43194
43199
43214
43216
43218
43219
43221
43224
43226
43264
43271
43275
43278
43279
43289
43293
43298
43302
43304
43309
43313
43337
43358
43374
43378
43385
43408
43416
43417
43425
43429
43430
43449
43457
43470
43485
43500
43509
43511
43518
43520
43527
43536
43546
43550
43562
43582
43594
43613
43616
43622
43632
43642
43647
43657
43659
43663
43672
43681
43688
43692
43709
43724
43739
43740
43743
43748
43753
43769
43797
43809
43830
43842
43864
43868
43888
43895
43913
43915
43932
43937
43948
43992
44002
44013
44014
44018
44024
44036
44040
44046
44048
44053
44054
44055
44060
44076
44078
44079
44092
44098
44128
44157
44165
44167
44173
44182
44185
44203
44211
44216
44247
44252
44261
44284
44285
44288
44289
44308
44330
44332
44338
44373
44383
44390
44396
44398
44404
44412
44421
44433
44443
44444
44448
44470
44492
44503
44506
44510
44511
44516
44528
44529
44547
44572
44580
44598
44604
44612
44613
44615
44626
44631
44642
44651
44653
44668
44670
44671
44673
44680
44690
44698
44699
44700
44702
44713
44724
44726
44732
44750
44756
44757
44767
44791
44807
44812
44814
44827
44839
44848
44852
44854
44861
44872
44875
44878
44900
44903
44922
44924
44927
44941
44952
44966
44973
44987
45001
45005
45006
45010
45011
45026
45031
45061
45067
45068
45083
45100
45102
45104
45112
45127
45137
45139
45144
45145
45160
45176
45177
45182
45187
45191
45198
45200
45213
45217
45238
45242
45247
45251
45255
45259
45269
45276
45277
45289
45294
45323
45370
45386
45394
45406
45420
45426
45427
45428
45433
45442
45444
45451
45452
45456
45459
45463
45468
45477
45483
45496
45513
45517
45522
45545
45573
45577
45580
45599
45600
45605
45609
45617
45622
45630
45636
45637
45640
45642
45665
45673
45684
45693
45706
45707
45711
45713
45719
45720
45743
45747
45748
45781
45789
45794
45796
45802
45806
45814
45820
45845
45850
45859
45866
45870
45877
45878
45902
45917
45920
45923
45928
45936
45943
45971
45978
45983
45988
45999
46001
46022
46028
46030
46039
46043
46044
46058
46077
46086
46088
46094
46096
46100
46107
46111
46139
46145
46146
46154
46157
46166
46172
46177
46193
46206
46208
46212
46213
46225
46228
46232
46236
46239
46240
46244
46251
46287
46293
46294
46295
46314
46318
46320
46330
46368
46371
46373
46385
46387
46395
46400
46403
46404
46409
46414
46422
46439
46446
46449
46453
46461
46471
46476
46497
46501
46517
46521
46522
46528
46550
46560
46567
46569
46572
46574
46579
46595
46608
46639
46645
46648
46660
46666
46670
46675
46679
46683
46688
46694
46703
46728
46761
46778
46802
46803
46810
46823
46829
46847
46851
46853
46858
46880
46896
46899
46911
46951
46955
46960
46968
46986
47001
47051
47067
47069
47083
47085
47098
47109
47117
47134
47141
47146
47149
47157
47165
47168
47170
47174
47175
47177
47183
47199
47204
47206
47209
47217
47218
47221
47223
47229
47239
47241
47247
47261
47272
47278
47287
47294
47304
47306
47312
47314
47329
47341
47348
47362
47377
47381
47382
47386
47405
47409
47420
47421
47428
47429
47448
47454
47463
47472
47474
47487
47489
47503
47508
47514
47546
47551
47559
47568
47576
47578
47588
47593
47613
47620
47648
47657
47658
47667
47680
47684
47685
47686
47701
47707
47710
47717
47744
47750
47754
47758
47760
47765
47783
47786
47800
47833
47836
47848
47877
47883
47892
47893
47910
47912
47918
47958
47966
47994
48000
48016
48021
48022
48027
48040
48073
48081
48090
48094
48106
48116
48127
48160
48176
48184
48185
48189
48195
48198
48211
48249
48256
48263
48286
48289
48298
48312
48320
48328
48331
48349
48364
48386
48432
48434
48467
48472
48477
48488
48499
48514
48516
48523
48524
48534
48541
48550
48573
48600
48630
48645
48650
48655
48656
48680
48689
48708
48722
48739
48751
48755
48765
48767
48768
48780
48795
48816
48829
48831
48847
48849
48858
48861
48895
48909
48911
48919
48929
48935
48936
48937
48940
48956
48982
48989
49068
49078
49085
49095
49097
49105
49106
49108
49114
49137
49156
49171
49179
49180
49194
49196
49198
49210
49217
49218
49227
49231
49233
49238
49240
49252
49266
49279
49291
49303
49304
49319
49326
49341
49343
49352
49357
49374
49375
49378
49383
49394
49411
49414
49421
49424
49429
49437
49439
49450
49455
49457
49468
49478
49486
49490
49492
49494
49502
49504
49513
49522
49526
49580
49581
49605
49623
49624
49628
49632
49635
49639
49644
49707
49712
49729
49731
49737
49751
49755
49771
49780
49794
49808
49810
49816
49817
49828
49835
49839
49843
49849
49851
49872
49875
49883
49893
49904
49907
49936
49944
49961
49964
49967
49976
50001
50010
50016
50041
50047
50071
50075
50081
50101
50104
50129
50132
50143
50146
50177
50184
50196
50199
50213
50225
50238
50243
50269
50300
50302
50316
50320
50330
50337
50354
50365
50369
50376
50381
50383
50385
50389
50397
50434
50440
50445
50447
50455
50476
50487
50511
50522
50564
50569
50574
50596
50604
50640
50649
50671
50686
50690
50693
50696
50737
50747
50753
50806
50827
50838
50851
50861
50863
50903
50906
50927
50929
50943
50950
50951
50963
50965
50986
50989
51005
51013
51039
51044
51063
51080
51087
51100
51109
51144
51153
51156
51157
51160
51169
51171
51175
51184
51189
51190
51192
51194
51198
51202
51207
51208
51210
51220
51229
51239
51244
51279
51287
51292
51300
51313
51321
51346
51351
51353
51390
51395
51398
51399
51409
51426
51439
51442
51455
51468
51477
51484
51511
51518
51523
51525
51532
51538
51539
51552
51554
51563
51572
51574
51576
51584
51588
51607
51609
51611
51620
51628
51642
51645
51647
51657
51679
51682
51683
51698
51714
51727
51768
51770
51775
51779
51791
51801
51807
51813
51821
51822
51824
51829
51842
51850
51859
51863
51867
51881
51902
51906
51922
51934
51941
51942
51954
51955
51956
51960
51992
51994
51995
51999
52012
52016
52034
52062
52069
52077
52084
52085
52088
52091
52094
52124
52188
52192
52198
52201
52202
52203
52205
52210
52212
52216
52219
52235
52251
52252
52253
52271
52285
52314
52325
52345
52347
52359
52364
52368
52413
52435
52436
52470
52472
52486
52492
52526
52542
52551
52555
52556
52562
52592
52617
52638
52650
52661
52669
52692
52704
52706
52709
52723
52724
52726
52737
52762
52763
52808
52832
52847
52851
52855
52863
52866
52878
52884
52886
52887
52888
52902
52914
52950
52951
52957
52959
52963
52987
52998
53007
53010
53015
53017
53018
53032
53036
53042
53045
53046
53055
53060
53076
53082
53091
53108
53121
53137
53150
53163
53169
53194
53198
53205
53210
53220
53221
53240
53243
53271
53299
53308
53319
53339
53343
53388
53406
53411
53425
53442
53449
53464
53471
53479
53484
53493
53496
53536
53542
53553
53583
53586
53596
53600
53608
53609
53612
53623
53632
53644
53647
53655
53663
53664
53673
53679
53686
53689
53699
53707
53724
53727
53734
53738
53742
53777
53782
53793
53814
53820
53851
53866
53867
53871
53874
53879
53885
53887
53901
53912
53918
53919
53951
53981
53997
54000
54008
54037
54094
54099
54100
54141
54149
54160
54176
54216
54219
54242
54243
54256
54257
54294
54296
54307
54308
54313
54316
54317
54333
54362
54368
54376
54386
54390
54416
54420
54429
54438
54449
54451
54468
54477
54481
54505
54542
54544
54546
54569
54576
54596
54628
54634
54640
54659
54663
54677
54706
54716
54718
54720
54722
54727
54761
54762
54773
54783
54819
54822
54839
54840
54843
54845
54853
54857
54861
54870
54871
54883
54907
54909
54910
54918
54922
54924
54942
54943
54961
54967
54971
54973
54983
55010
55023
55025
55039
55044
55054
55075
55078
55084
55086
55110
55118
55139
55156
55176
55177
55196
55211
55219
55237
55238
55242
55244
55255
55265
55268
55306
55316
55346
55354
55359
55402
55404
55405
55414
55422
55447
55449
55481
55491
55529
55541
55544
55559
55561
55562
55569
55589
55593
55599
55622
55623
55625
55634
55635
55662
55671
55673
55677
55678
55679
55696
55712
55713
55724
55728
55731
55742
55753
55756
55788
55816
55818
55822
55833
55845
55849
55856
55866
55870
55890
55930
55940
55948
55965
55967
55968
55973
55974
55987
56000
56008
56010
56014
56016
56020
56038
56044
56045
56061
56064
56069
56079
56096
56105
56113
56116
56126
56146
56148
56152
56162
56172
56173
56174
56183
56199
56214
56218
56221
56226
56231
56248
56251
56262
56286
56299
56318
56319
56324
56338
56346
56357
56365
56367
56374
56399
56410
56420
56422
56437
56446
56463
56477
56480
56482
56513
56531
56532
56544
56557
56561
56563
56568
56590
56592
56615
56633
56641
56667
56670
56675
56687
56697
56721
56747
56764
56767
56772
56774
56791
56806
56811
56829
56840
56852
56857
56860
56868
56873
56888
56912
56917
56918
56930
56936
56967
56979
56997
57000
57015
57042
57043
57063
57068
57078
57082
57106
57119
57122
57124
57166
57180
57188
57200
57201
57215
57223
57244
57254
57256
57287
57318
57327
57332
57334
57340
57347
57348
57349
57357
57373
57374
57380
57381
57402
57411
57417
57422
57449
57451
57459
57466
57471
57473
57474
57480
57523
57526
57535
57537
57538
57543
57559
57577
57578
57589
57594
57598
57607
57612
57617
57644
57648
57656
57670
57674
57684
57690
57709
57715
57722
57724
57726
57734
57742
57744
57766
57771
57787
57801
57812
57814
57827
57834
57837
57840
57848
57860
57867
57890
57891
57904
57909
57917
57923
57925
57929
57940
57949
57982
57985
57988
57998
58004
58008
58009
58028
58063
58068
58078
58085
58114
58116
58120
58122
58139
58148
58166
58169
58180
58206
58215
58245
58255
58260
58275
58280
58285
58291
58296
58299
58308
58315
58328
58333
58344
58346
58349
58367
58368
58371
58374
58413
58420
58446
58455
58457
58477
58489
58492
58532
58535
58541
58562
58565
58588
58616
58621
58647
58655
58675
58680
58687
58692
58715
58720
58729
58751
58756
58767
58768
58807
58811
58812
58815
58829
58838
58840
58850
58851
58858
58877
58889
58907
58926
58944
58948
58952
58953
58967
58985
59018
59024
59027
59041
59057
59077
59094
59100
59108
59111
59124
59138
59153
59156
59172
59180
59182
59183
59189
59219
59225
59228
59235
59238
59245
59247
59265
59267
59271
59273
59298
59299
59326
59328
59329
59347
59371
59374
59379
59386
59397
59399
59451
59464
59472
59475
59476
59484
59487
59491
59497
59504
59517
59518
59531
59541
59548
59568
59570
59576
59577
59581
59589
59598
59604
59619
59630
59636
59643
59650
59651
59673
59674
59680
59681
59684
59688
59689
59692
59693
59694
59695
59727
59728
59736
59742
59745
59764
59774
59779
59790
59802
59806
59813
59819
59827
59839
59842
59854
59869
59873
59886
59892
59893
59899
59902
59905
59907
59908
59918
59927
59930
59936
59938
60020
60021
60028
60038
60054
60058
60060
60061
60067
60076
60083
60094
60100
60103
60131
60132
60138
60156
60158
60187
60193
60214
60237
60240
60248
60287
60293
60315
60354
60365
60384
60385
60406
60408
60411
60431
60438
60444
60450
60469
60470
60483
60505
60510
60534
60565
60571
60573
60578
60580
60585
60586
60606
60627
60687
60700
60709
60715
60720
60729
60736
60751
60753
60766
60767
60781
60793
60805
60822
60832
60834
60866
60878
60900
60905
60920
60923
60942
60964
60989
61005
61018
61026
61030
61032
61036
61043
61051
61077
61092
61093
61094
61098
61110
61131
61133
61149
61157
61166
61173
61191
61225
61233
61249
61282
61293
61294
61301
61302
61305
61317
61328
61334
61351
61365
61373
61378
61380
61384
61398
61453
61454
61458
61474
61481
61482
61487
61499
61507
61520
61527
61541
61556
61562
61576
61578
61621
61629
61636
61640
61651
61654
61662
61670
61672
61675
61678
61679
61683
61702
61704
61715
61723
61746
61769
61770
61777
61783
61803
61804
61808
61816
61817
61850
61854
61856
61857
61862
61865
61877
61887
61895
61916
61918
61944
61952
61974
61976
61983
61993
61994
62000
62042
62060
62062
62081
62104
62107
62114
62115
62135
62138
62142
62151
62167
62171
62172
62174
62175
62188
62190
62194
62224
62246
62263
62267
62273
62298
62322
62336
62339
62344
62347
62354
62359
62363
62387
62393
62395
62399
62405
62406
62453
62481
62529
62540
62550
62553
62554
62566
62598
62604
62615
62625
62626
62631
62656
62666
62680
62682
62686
62702
62706
62735
62736
62741
62744
62755
62758
62759
62761
62763
62765
62772
62773
62783
62786
62787
62799
62800
62805
62807
62810
62813
62831
62837
62839
62847
62848
62851
62869
62872
62873
62874
62899
62905
62906
62908
62919
62934
62953
62956
62971
62996
62997
63004
63021
63022
63026
63041
63044
63060
63079
63096
63109
63120
63125
63135
63136
63143
63145
63165
63170
63177
63186
63193
63201
63207
63223
63228
63243
63245
63246
63251
63271
63272
63286
63300
63310
63332
63350
63357
63374
63379
63393
63398
63400
63407
63410
63414
63424
63426
63439
63441
63445
63449
63465
63470
63474
63485
63486
63491
63517
63523
63529
63531
63535
63544
63546
63555
63584
63587
63593
63596
63609
63610
63637
63641
63655
63657
63658
63664
63666
63668
63674
63675
63682
63688
63692
63695
63696
63706
63709
63719
63728
63730
63731
63732
63741
63748
63755
63771
63773
63787
63788
63797
63809
63821
63829
63841
63843
63850
63878
63884
63889
63891
63912
63913
63933
63940
63959
63978
64015
64018
64025
64050
64086
64098
64102
64141
64146
64168
64182
64193
64197
64208
64211
64214
64220
64223
64226
64237
64251
64282
64290
64302
64306
64308
64323
64326
64327
64334
64338
64341
64343
64349
64353
64364
64365
64377
64378
64380
64403
64416
64418
64440
64446
64450
64451
64481
64491
64500
64519
64532
64534
64549
64562
64580
64594
64598
64624
64632
64633
64646
64658
64666
64667
64685
64692
64700
64731
64735
64738
64748
64763
64768
64793
64803
64805
64819
64831
64836
64840
64846
64859
64866
64868
64877
64881
64888
64890
64906
64914
64921
64929
64932
64935
64937
64950
64969
64996
65009
65013
65037
65056
65064
65068
65069
65076
65083
65084
65089
65092
65099
65146
65150
65151
65153
65165
65166
65186
65187
65188
65224
65226
65238
65253
65263
65267
65280
65286
65301
65302
65332
65367
65374
65411
65474
65475
65538
65546
65553
65554
65560
65567
65571
65572
65580
65581
65586
65606
65618
65635
65647
65680
65694
65709
65721
65735
65744
65749
65763
65766
65782
65791
65792
65807
65812
65813
65817
65840
65842
65850
65857
65858
65860
65867
65874
65877
65883
65907
65910
65911
65914
65943
65949
65957
65967
65969
65971
65976
65977
65979
66002
66038
66040
66046
66072
66094
66106
66134
66139
66164
66171
66178
66179
66180
66182
66200
66219
66228
66255
66261
66269
66281
66288
66301
66309
66316
66318
66330
66331
66347
66369
66374
66378
66383
66395
66399
66418
66450
66475
66486
66506
66519
66546
66557
66561
66564
66565
66572
66573
66587
66592
66598
66601
66603
66618
66622
66626
66632
66642
66646
66652
66660
66663
66671
66682
66683
66688
66707
66710
66712
66715
66735
66744
66780
66787
66799
66802
66816
66824
66831
66837
66859
66885
66891
66898
66903
66924
66931
66933
66948
66953
66957
66967
66974
66996
66997
67023
67035
67054
67063
67070
67086
67100
67102
67139
67152
67154
67161
67163
67167
67173
67175
67178
67179
67186
67198
67216
67229
67240
67251
67267
67270
67272
67293
67300
67315
67335
67345
67357
67379
67384
67385
67389
67395
67397
67398
67412
67434
67464
67483
67491
67527
67540
67557
67560
67585
67588
67604
67612
67629
67630
67637
67670
67675
67678
67680
67690
67691
67693
67712
67717
67718
67724
67743
67744
67746
67755
67778
67788
67808
67814
67822
67831
67838
67844
67859
67869
67876
67907
67913
67934
67943
67951
67960
67964
67974
67975
67986
68016
68023
68027
68035
68064
68070
68074
68116
68127
68128
68138
68144
68147
68180
68182
68208
68233
68234
68238
68242
68258
68272
68277
68280
68282
68283
68317
68323
68326
68330
68348
68354
68358
68368
68370
68397
68398
68412
68424
68449
68450
68457
68460
68465
68475
68482
68499
68517
68518
68541
68561
68567
68569
68573
68593
68597
68604
68620
68633
68652
68658
68672
68686
68690
68691
68699
68725
68729
68734
68739
68742
68760
68763
68768
68778
68804
68809
68840
68852
68855
68858
68859
68909
68923
68941
68943
68944
68948
68958
68959
68969
68973
68998
69012
69034
69038
69042
69043
69057
69058
69069
69083
69098
69103
69107
69115
69116
69125
69126
69133
69149
69162
69165
69170
69190
69227
69232
69243
69256
69258
69264
69267
69268
69273
69274
69281
69284
69295
69298
69303
69311
69314
69329
69330
69336
69337
69361
69402
69404
69406
69415
69428
69432
69438
69439
69450
69458
69459
69483
69493
69501
69508
69510
69530
69544
69553
69555
69559
69560
69580
69587
69591
69598
69602
69610
69624
69659
69660
69671
69674
69676
69706
69714
69715
69726
69749
69754
69772
69784
69804
69814
69816
69820
69829
69842
69844
69848
69850
69868
69887
69896
69925
69950
69963
69967
69989
70036
70038
70042
70067
70072
70073
70077
70078
70080
70110
70154
70160
70164
70176
70181
70183
70199
70225
70228
70230
70243
70254
70255
70257
70262
70282
70289
70318
70322
70323
70336
70351
70361
70363
70365
70379
70380
70397
70419
70443
70463
70470
70471
70479
70483
70487
70503
70505
70506
70523
70524
70549
70558
70562
70574
70596
70606
70629
70633
70634
70647
70655
70662
70663
70675
70676
70687
70707
70716
70720
70728
70732
70738
70745
70748
70759
70765
70772
70773
70797
70798
70806
70808
70825
70826
70830
70853
70857
70865
70870
70874
70876
70889
70899
70904
70905
70930
70934
70935
70955
70963
70976
70980
70992
70998
71006
71035
71044
71048
71055
71064
71104
71112
71129
71139
71146
71152
71156
71159
71160
71189
71198
71207
71225
71248
71265
71276
71280
71298
71299
71321
71326
71329
71338
71362
71364
71370
71379
71388
71399
71406
71423
71424
71464
71469
71474
71475
71478
71480
71482
71488
71489
71505
71509
71513
71518
71539
71550
71551
71553
71557
71561
71581
71598
71620
71637
71639
71641
71669
71686
71696
71697
71701
71715
71724
71730
71759
71774
71781
71788
71791
71796
71823
71827
71832
71866
71895
71903
71941
71951
71983
71986
71987
71988
72004
72007
72010
72028
72042
72046
72049
72069
72076
72080
72084
72094
72096
72100
72125
72154
72157
72161
72165
72190
72202
72221
72226
72229
72238
72253
72255
72283
72286
72288
72299
72308
72313
72318
72319
72320
72323
72325
72342
72345
72379
72380
72386
72412
72419
72431
72462
72480
72483
72493
72496
72498
72506
72508
72518
72535
72537
72562
72607
72634
72651
72661
72667
72687
72692
72693
72698
72699
72704
72705
72710
72717
72728
72736
72751
72754
72758
72762
72771
72780
72788
72792
72793
72799
72802
72812
72822
72839
72844
72847
72849
72875
72882
72885
72886
72891
72905
72909
72922
72929
72959
72971
72980
72982
73000
73022
73036
73076
73079
73086
73087
73089
73091
73097
73098
73102
73103
73107
73117
73120
73126
73132
73164
73171
73178
73182
73191
73192
73219
73223
73226
73248
73269
73270
73272
73276
73279
73280
73282
73283
73285
73287
73315
73316
73319
73335
73350
73362
73371
73378
73385
73398
73402
73408
73448
73457
73470
73472
73475
73498
73507
73519
73523
73525
73529
73532
73535
73543
73544
73548
73549
73556
73595
73598
73599
73622
73675
73680
73692
73709
73714
73719
73722
73734
73736
73746
73752
73776
73777
73778
73790
73796
73804
73806
73818
73830
73833
73835
73849
73850
73855
73856
73888
73907
73911
73914
73933
73956
73957
73973
73974
73976
73989
74002
74022
74026
74033
74040
74042
74046
74049
74054
74070
74087
74102
74104
74107
74115
74118
74145
74146
74153
74187
74192
74197
74218
74227
74231
74273
74284
74295
74342
74347
74349
74365
74373
74384
74389
74408
74411
74417
74432
74434
74435
74447
74451
74479
74515
74529
74549
74556
74566
74569
74571
74611
74613
74617
74624
74637
74640
74642
74651
74675
74678
74684
74691
74695
74700
74707
74726
74737
74757
74758
74768
74775
74790
74791
74801
74817
74818
74839
74840
74857
74865
74885
74900
74904
74912
74916
74926
74928
74930
74935
74949
74950
74968
74975
74977
74985
75007
75017
75022
75041
75056
75060
75066
75083
75096
75105
75113
75122
75125
75130
75146
75159
75179
75195
75206
75211
75216
75240
75245
75254
75271
75300
75303
75339
75355
75402
75415
75419
75422
75454
75455
75468
75480
75482
75485
75513
75515
75522
75530
75535
75540
75560
75563
75574
75577
75584
75593
75598
75614
75633
75635
75644
75658
75671
75673
75676
75682
75691
75695
75696
75709
75711
75732
75739
75740
75749
75773
75776
75809
75811
75812
75813
75814
75817
75819
75823
75833
75834
75847
75849
75858
75870
75871
75873
75877
75889
75893
75906
75908
75930
75948
75963
75964
75966
75967
75970
75996
76005
76008
76011
76025
76029
76053
76082
76117
76144
76154
76159
76166
76167
76180
76185
76186
76210
76238
76249
76263
76277
76286
76288
76306
76319
76321
76338
76341
76343
76350
76364
76376
76379
76407
76412
76432
76455
76471
76486
76499
76502
76528
76531
76549
76554
76555
76564
76573
76602
76628
76643
76655
76658
76664
76669
76673
76695
76700
76742
76747
76755
76788
76827
76856
76867
76868
76874
76888
76891
76892
76897
76901
76916
76919
76920
76929
76949
76950
76956
76959
76961
76975
76978
76982
76992
77000
77013
77040
77060
77069
77072
77075
77076
77081
77089
77091
77098
77129
77134
77147
77150
77165
77174
77183
77199
77201
77202
77218
77219
77223
77227
77267
77278
77287
77289
77293
77312
77321
77346
77363
77364
77369
77384
77435
77440
77445
77457
77458
77494
77501
77535
77545
77547
77571
77585
77595
77596
77606
77626
77630
77631
77665
77681
77684
77686
77697
77719
77730
77753
77755
77759
77781
77793
77794
77795
77800
77810
77813
77831
77837
77849
77863
77869
77891
77895
77911
77912
77915
77926
77929
77931
77937
77940
77942
77949
77965
77967
77977
77987
77993
77995
77999
78004
78006
78011
78017
78025
78048
78056
78065
78066
78071
78087
78099
78102
78103
78131
78167
78170
78173
78193
78195
78210
78211
78217
78260
78271
78273
78285
78309
78314
78321
78335
78344
78357
78360
78376
78387
78391
78413
78446
78450
78466
78467
78478
78490
78508
78511
78547
78578
78600
78630
78637
78647
78650
78668
78674
78700
78701
78702
78709
78740
78741
78748
78754
78755
78772
78774
78779
78808
78823
78824
78842
78845
78869
78872
78890
78892
78902
78920
78938
78945
78946
78955
78968
78970
78975
78980
78982
78993
79001
79007
79020
79021
79028
79041
79059
79067
79069
79093
79094
79109
79110
79120
79125
79133
79145
79159
79168
79176
79187
79198
79211
79214
79217
79218
79222
79237
79257
79265
79277
79286
79287
79303
79310
79311
79313
79319
79334
79341
79344
79354
79363
79365
79375
79377
79387
79399
79400
79412
79416
79454
79458
79467
79470
79473
79480
79484
79494
79496
79499
79512
79513
79517
79530
79536
79550
79562
79569
79594
79596
79611
79621
79633
79657
79678
79682
79685
79716
79720
79722
79731
79747
79748
79759
79761
79798
79823
79837
79840
79844
79849
79851
79853
79868
79873
79890
79919
79922
79955
79966
79968
79981
79996
80008
80035
80042
80059
80060
80067
80073
80084
80093
80107
80112
80116
80127
80131
80166
80174
80181
80182
80192
80194
80199
80211
80223
80228
80230
80234
80235
80268
80278
80280
80281
80294
80321
80322
80328
80329
80347
80348
80357
80417
80423
80429
80437
80443
80454
80462
80465
80470
80489
80495
80502
80517
80522
80525
80540
80545
80549
80552
80555
80580
80627
80659
80669
80672
80678
80682
80684
80697
80706
80714
80740
80744
80751
80773
80781
80795
80818
80829
80837
80850
80876
80880
80894
80897
80909
80911
80912
80913
80918
80941
80958
80961
80964
80968
80979
80991
81020
81022
81029
81032
81036
81050
81062
81075
81076
81080
81090
81109
81178
81182
81189
81192
81201
81203
81217
81228
81241
81243
81264
81265
81299
81305
81310
81312
81316
81353
81384
81387
81388
81391
81395
81414
81420
81433
81436
81445
81450
81459
81463
81498
81503
81506
81511
81530
81534
81548
81562
81564
81566
81575
81586
81612
81636
81658
81659
81662
81676
81679
81693
81695
81705
81710
81733
81740
81758
81759
81778
81790
81798
81802
81804
81823
81848
81861
81863
81867
81874
81882
81886
81918
81929
81935
81936
81947
81951
81960
81973
81976
81977
81986
81987
81989
81997
81999
82008
82029
82038
82047
82048
82049
82069
82070
82072
82073
82083
82096
82117
82121
82122
82125
82140
82141
82150
82160
82179
82197
82212
82220
82236
82246
82248
82253
82254
82255
82256
82266
82286
82288
82291
82300
82349
82351
82353
82360
82382
82390
82438
82451
82506
82547
82551
82557
82574
82599
82623
82640
82646
82651
82654
82673
82684
82691
82710
82727
82734
82743
82745
82750
82755
82758
82778
82779
82781
82807
82815
82819
82840
82843
82846
82861
82863
82880
82887
82909
82915
82916
82922
82961
83031
83043
83056
83061
83063
83069
83079
83086
83087
83089
83091
83112
83117
83118
83124
83147
83151
83153
83167
83171
83173
83178
83182
83193
83196
83210
83224
83237
83252
83265
83271
83276
83277
83296
83300
83302
83308
83355
83363
83368
83370
83380
83389
83391
83402
83407
83408
83417
83422
83445
83454
83497
83504
83508
83510
83543
83554
83583
83585
83586
83590
83595
83603
83605
83613
83614
83632
83655
83668
83670
83679
83696
83704
83705
83720
83725
83732
83740
83752
83762
83764
83775
83780
83783
83799
83816
83818
83822
83828
83829
83846
83848
83853
83859
83865
83880
83887
83889
83895
83898
83930
83953
83961
83983
83998
84000
84006
84021
84022
84038
84053
84065
84083
84092
84100
84102
84115
84116
84123
84130
84135
84140
84144
84166
84167
84217
84234
84238
84240
84248
84265
84276
84277
84278
84301
84312
84318
84319
84337
84339
84354
84361
84377
84380
84381
84391
84395
84412
84433
84438
84445
84448
84455
84459
84472
84480
84487
84492
84500
84519
84528
84536
84550
84562
84564
84578
84588
84596
84602
84621
84623
84625
84634
84636
84641
84662
84663
84667
84690
84698
84722
84728
84730
84740
84741
84745
84757
84759
84762
84765
84776
84796
84829
84836
84837
84843
84861
84868
84872
84901
84903
84910
84912
84926
84933
84934
84936
84939
84946
84947
84954
85000
85013
85026
85059
85063
85068
85104
85106
85122
85128
85131
85135
85138
85142
85155
85156
85163
85166
85172
85181
85186
85197
85202
85245
85247
85253
85268
85278
85281
85282
85299
85346
85359
85362
85393
85399
85414
85423
85443
85444
85449
85450
85452
85463
85472
85492
85499
85528
85539
85540
85548
85549
85573
85580
85581
85594
85603
85607
85608
85610
85631
85646
85654
85657
85662
85670
85674
85683
85685
85719
85733
85753
85766
85769
85781
85800
85801
85806
85843
85850
85864
85865
85871
85895
85901
85904
85908
85910
85911
85913
85915
85922
85931
85943
85945
85946
85974
85993
85997
86000
86003
86016
86031
86032
86033
86041
86042
86046
86056
86058
86087
86088
86091
86105
86121
86133
86147
86150
86155
86157
86166
86167
86207
86211
86213
86214
86226
86227
86229
86258
86270
86280
86282
86286
86287
86300
86306
86308
86310
86320
86334
86336
86367
86374
86382
86385
86390
86402
86429
86431
86449
86462
86485
86488
86497
86498
86522
86526
86555
86563
86585
86592
86600
86618
86638
86640
86648
86655
86671
86680
86685
86692
86693
86714
86716
86738
86765
86802
86806
86822
86832
86838
86847
86861
86873
86875
86878
86880
86897
86901
86902
86906
86921
86926
86936
86972
86973
86975
86986
86991
86993
86995
86999
87006
87016
87036
87040
87049
87072
87080
87082
87083
87085
87093
87100
87105
87110
87136
87169
87174
87178
87185
87197
87206
87217
87221
87238
87247
87251
87258
87264
87293
87312
87337
87348
87359
87360
87373
87374
87380
87384
87390
87405
87424
87435
87437
87446
87449
87461
87471
87472
87474
87488
87498
87510
87593
87602
87603
87609
87612
87620
87629
87636
87643
87647
87665
87667
87674
87681
87682
87685
87688
87707
87710
87724
87733
87753
87756
87759
87760
87762
87774
87777
87787
87795
87807
87833
87835
87837
87848
87852
87858
87865
87878
87893
87918
87925
87935
87936
87973
87983
87992
87997
88003
88006
88007
88010
88014
88040
88075
88080
88081
88088
88090
88091
88103
88132
88136
88142
88148
88157
88158
88160
88179
88182
88196
88225
88233
88236
88237
88245
88249
88265
88269
88271
88272
88288
88297
88304
88307
88325
88334
88343
88347
88362
88366
88367
88369
88372
88410
88417
88419
88430
88452
88460
88467
88488
88490
88491
88497
88515
88522
88530
88550
88552
88556
88563
88581
88584
88585
88587
88596
88612
88614
88622
88628
88631
88639
88640
88674
88678
88681
88704
88707
88711
88715
88717
88719
88726
88736
88740
88775
88785
88787
88788
88794
88809
88851
88863
88868
88871
88876
88888
88897
88898
88927
88947
88956
88961
88973
88976
88978
88984
89020
89021
89023
89032
89034
89035
89061
89078
89097
89127
89151
89153
89164
89171
89180
89182
89189
89212
89215
89239
89253
89262
89264
89277
89280
89289
89297
89300
89324
89326
89336
89344
89352
89353
89355
89379
89392
89403
89420
89434
89435
89452
89459
89473
89481
89494
89509
89515
89555
89582
89595
89597
89604
89622
89626
89651
89659
89660
89661
89667
89674
89678
89682
89685
89691
89692
89709
89736
89738
89742
89753
89767
89768
89770
89775
89778
89779
89790
89806
89824
89845
89848
89852
89894
89908
89912
89920
89941
89965
89966
89984
89989
90035
90039
90058
90078
90098
90104
90107
90112
90136
90151
90158
90162
90166
90173
90185
90196
90204
90208
90221
90231
90250
90252
90256
90273
90293
90294
90321
90326
90334
90358
90359
90370
90399
90400
90402
90444
90452
90453
90454
90455
90458
90467
90473
90490
90509
90514
90517
90531
90533
90550
90558
90577
90585
90591
90596
90599
90600
90606
90623
90627
90634
90637
90645
90649
90673
90675
90677
90688
90712
90730
90740
90748
90751
90759
90769
90771
90772
90789
90792
90800
90805
90829
90839
90843
90850
90865
90872
90875
90877
90885
90889
90892
90898
90944
90964
90982
90996
90999
91013
91020
91023
91035
91037
91040
91048
91050
91055
91056
91068
91072
91073
91083
91101
91110
91114
91153
91165
91169
91173
91174
91190
91196
91198
91205
91212
91244
91249
91261
91274
91280
91284
91286
91305
91307
91308
91311
91314
91319
91334
91337
91345
91361
91363
91374
91382
91389
91391
91401
91444
91445
91453
91456
91465
91474
91477
91485
91486
91496
91514
91518
91519
91521
91522
91525
91528
91538
91539
91543
91548
91553
91554
91560
91563
91567
91582
91617
91620
91634
91647
91658
91669
91674
91675
91680
91691
91713
91753
91764
91765
91782
91784
91810
91814
91828
91843
91846
91861
91864
91870
91872
91876
91883
91890
91893
91895
91912
91924
91939
91941
91964
91965
91972
91977
91981
91991
91997
91998
92009
92013
92025
92042
92044
92045
92049
92068
92078
92128
92149
92156
92167
92169
92172
92173
92179
92189
92201
92212
92215
92235
92241
92246
92266
92273
92277
92287
92308
92314
92338
92341
92347
92351
92354
92357
92365
92367
92383
92385
92400
92434
92437
92449
92452
92466
92471
92540
92544
92546
92557
92573
92585
92591
92594
92595
92609
92622
92623
92642
92646
92674
92688
92701
92704
92711
92714
92731
92742
92756
92757
92772
92781
92791
92796
92800
92812
92824
92848
92875
92896
92903
92924
92929
92940
92970
92972
92973
92978
92982
92984
93000
93009
93012
93017
93018
93022
93026
93041
93048
93059
93064
93067
93068
93079
93092
93103
93142
93154
93164
93174
93181
93190
93192
93195
93199
93200
93210
93222
93223
93242
93249
93277
93282
93284
93313
93317
93322
93333
93339
93344
93363
93376
93391
93394
93398
93401
93403
93404
93415
93431
93438
93439
93443
93446
93455
93464
93476
93487
93492
93496
93511
93521
93523
93537
93540
93545
93550
93564
93572
93574
93577
93594
93606
93620
93624
93625
93630
93631
93635
93638
93655
93683
93689
93700
93708
93713
93714
93730
93734
93735
93743
93750
93752
93756
93765
93771
93785
93787
93793
93802
93808
93815
93821
93827
93836
93851
93854
93863
93865
93874
93884
93891
93892
93895
93896
93900
93929
93945
93962
94006
94010
94031
94066
94069
94083
94110
94125
94162
94164
94165
94166
94171
94181
94194
94199
94200
94206
94220
94227
94236
94237
94241
94249
94267
94271
94272
94274
94289
94300
94307
94314
94328
94330
94337
94340
94343
94346
94350
94353
94358
94364
94368
94371
94380
94393
94394
94402
94407
94421
94423
94425
94442
94453
94469
94508
94519
94529
94536
94541
94544
94558
94560
94597
94614
94624
94626
94630
94637
94653
94655
94668
94671
94696
94730
94733
94743
94744
94753
94758
94781
94800
94814
94842
94854
94861
94875
94877
94882
94884
94896
94912
94915
94921
94932
94935
94945
94971
95003
95029
95038
95041
95055
95059
95077
95082
95084
95094
95126
95136
95142
95151
95153
95158
95161
95189
95190
95196
95204
95225
95229
95242
95277
95292
95335
95351
95375
95380
95389
95396
95437
95441
95445
95455
95461
95465
95472
95479
95487
95501
95503
95508
95518
95522
95560
95563
95565
95566
95575
95582
95605
95606
95613
95620
95632
95637
95650
95654
95661
95665
95670
95677
95691
95721
95725
95726
95727
95733
95740
95747
95764
95770
95799
95811
95819
95828
95835
95849
95858
95872
95883
95902
95912
95913
95921
95928
95932
95935
95950
95952
95955
95957
95959
95987
95995
96000
96002
96010
96019
96041
96055
96099
96110
96111
96113
96138
96144
96161
96163
96170
96197
96206
96228
96234
96256
96267
96292
96297
96313
96320
96323
96324
96334
96352
96359
96384
96391
96416
96431
96435
96441
96442
96447
96475
96482
96484
96488
96497
96511
96513
96519
96535
96536
96541
96543
96552
96557
96558
96559
96561
96563
96568
96575
96577
96584
96609
96610
96615
96637
96639
96646
96649
96655
96658
96681
96687
96689
96694
96699
96702
96715
96744
96752
96759
96761
96762
96771
96774
96776
96778
96781
96823
96836
96838
96843
96859
96862
96872
96889
96917
96942
96959
96974
96977
96983
96992
96999
97009
97016
97034
97043
97047
97071
97078
97080
97084
97095
97096
97129
97131
97139
97142
97146
97171
97175
97190
97224
97247
97256
97258
97267
97269
97270
97271
97272
97287
97296
97297
97306
97320
97352
97362
97374
97380
97385
97393
97400
97401
97411
97431
97433
97435
97437
97447
97488
97499
97523
97527
97530
97533
97536
97538
97550
97562
97570
97592
97598
97602
97605
97611
97624
97625
97648
97656
97670
97674
97678
97692
97698
97703
97723
97724
97738
97744
97749
97759
97764
97771
97774
97785
97790
97791
97797
97800
97821
97831
97836
97838
97843
97853
97895
97901
97909
97919
97921
97924
97968
97970
97986
97997
98006
98012
98025
98049
98051
98055
98060
98071
98073
98090
98102
98133
98143
98160
98165
98166
98179
98198
98222
98223
98229
98232
98236
98239
98257
98262
98281
98293
98295
98301
98305
98308
98309
98311
98327
98338
98343
98349
98357
98367
98386
98409
98416
98433
98444
98446
98451
98466
98471
98486
98489
98513
98518
98529
98531
98533
98550
98570
98572
98580
98588
98590
98597
98600
98602
98619
98628
98631
98640
98652
98654
98667
98678
98692
98693
98700
98705
98724
98728
98730
98738
98742
98751
98752
98760
98772
98782
98786
98788
98790
98793
98800
98816
98828
98850
98854
98872
98880
98882
98889
98899
98911
98915
98942
98953
98954
98955
98956
98961
98975
98976
98980
98981
98982
98983
98991
99012
99021
99034
99047
99069
99082
99085
99086
99087
99089
99095
99104
99112
99153
99165
99190
99200
99208
99226
99227
99239
99256
99264
99281
99289
99294
99309
99342
99346
99350
99380
99386
99406
99408
99410
99422
99447
99478
99480
99496
99505
99509
99510
99522
99527
99530
99536
99540
99552
99560
99563
99604
99613
99635
99640
99651
99659
99673
99675
99691
99710
99716
99717
99719
99724
99731
99735
99749
99768
99771
99775
99780
99787
99799
99801
99802
99808
99810
99830
99841
6
13
31
51
52
56
73
81
82
85